City,Cloudiness,Country,Date,Humidity,Lat,Lng,Max Temp,Wind Speed
Atuona,91,PF,1578327472,73,-9.8,-139.03,79.66,14.81
Busselton,0,AU,1578327475,25,-33.64,115.35,68.0,12.37
Pevek,0,RU,1578327686,79,69.7,170.27,-8.97,4.88
Bambous Virieux,75,MU,1578327561,88,-20.34,57.76,80.6,2.24
Georgetown,20,GY,1578327650,66,6.8,-58.16,87.8,9.17
Mandalgovi,0,MN,1578327800,77,45.76,106.27,6.42,2.48
Hobart,100,AU,1578327619,82,-42.88,147.33,59.0,5.82
Chipata,0,ZM,1578327891,72,-13.64,32.65,80.2,2.98
Dong Hoi,16,VN,1578327721,93,17.48,106.6,68.18,2.59
Upernavik,100,GL,1578327679,99,72.79,-56.15,-15.23,12.82
Tasiilaq,97,GL,1578327680,84,65.61,-37.64,17.94,36.62
Nikolskoye,90,RU,1578327661,86,59.7,30.79,33.8,6.71
Sao Joao da Barra,40,BR,1578327649,55,-21.64,-41.05,91.4,9.89
Kulhudhuffushi,68,MV,1578327892,77,6.62,73.07,82.94,18.59
Dikson,100,RU,1578327558,94,73.51,80.55,15.06,14.38
Puerto Ayora,75,EC,1578327472,69,-0.74,-90.35,82.4,14.99
Abu Samrah,0,SY,1578327892,73,35.3,37.18,51.1,3.6
Rikitea,69,PF,1578327472,74,-23.12,-134.97,75.67,13.87
Ribeira Grande,40,PT,1578327574,93,38.52,-28.7,64.4,13.87
Talnakh,40,RU,1578327892,84,69.49,88.39,8.6,22.37
Saint-Francois,0,FR,1578327677,70,46.42,3.91,45.0,4.7
Victoria,75,BN,1578327398,78,5.28,115.24,82.4,11.41
Planaltina,75,BR,1578327893,65,-15.62,-47.66,78.8,17.22
Port Elizabeth,90,US,1578327469,49,39.31,-74.98,48.99,9.17
Saldanha,100,PT,1578327473,60,41.42,-6.55,47.71,3.2
Port Hardy,90,CA,1578327621,86,50.7,-127.42,39.2,17.22
Yellowknife,20,CA,1578327430,67,62.45,-114.38,-27.4,5.82
Buala,33,SB,1578327649,84,-8.15,159.59,80.71,7.07
Kargasok,90,RU,1578327823,95,59.06,80.87,10.83,9.98
Shubarshi,89,KZ,1578327894,95,48.59,57.19,19.83,8.08
Takoradi,0,GH,1578327822,45,4.89,-1.75,83.91,9.53
Tomatlan,18,MX,1578327895,48,19.93,-105.25,66.25,3.51
Sechura,26,PE,1578327895,85,-5.56,-80.82,71.71,5.48
Mount Gambier,0,AU,1578327585,93,-37.83,140.78,50.0,5.82
Adamas,100,GR,1578327895,81,36.73,24.43,46.4,33.33
Chapais,90,CA,1578327778,84,49.78,-74.86,3.2,9.17
Chokurdakh,0,RU,1578327613,99,70.62,147.9,-19.84,2.46
Esperance,0,AU,1578327665,77,-33.86,121.89,66.2,6.93
Nome,1,US,1578327340,82,30.04,-94.42,68.0,5.82
Mlowo,100,TZ,1578327896,87,-9.01,33.0,69.62,3.58
Padang,100,ID,1578327775,92,-0.92,100.36,69.04,3.56
Clyde River,75,CA,1578327574,66,70.47,-68.59,-29.2,16.11
Albany,90,US,1578327655,74,42.65,-73.75,34.0,9.17
Benguela,20,AO,1578327570,62,-12.58,13.4,87.8,13.87
Pangody,60,RU,1578327580,93,65.85,74.49,6.53,12.19
Geraldton,90,CA,1578327513,71,49.72,-86.95,8.6,9.17
Qaanaaq,88,GL,1578327654,55,77.48,-69.36,-13.4,5.82
Severo-Kurilsk,100,RU,1578327670,90,50.68,156.12,25.79,32.35
Mgandu,100,TZ,1578327897,87,-5.96,34.11,71.62,3.15
Anadyr,0,RU,1578327760,73,64.73,177.51,-31.0,6.71
Hegang,100,CN,1578327897,95,47.34,130.28,2.53,4.27
Bluff,96,AU,1578327651,70,-23.58,149.07,75.94,12.64
Saint-Philippe,90,CA,1578327405,78,45.36,-73.48,24.8,10.29
Barrow,0,AR,1578327663,44,-38.31,-60.23,69.91,21.32
Kaitangata,100,NZ,1578327663,84,-46.28,169.85,51.01,5.99
Nara,56,JP,1578327898,65,34.68,135.8,46.4,6.93
Provideniya,100,RU,1578327808,84,64.42,-173.23,-9.36,4.54
Rio Grande,40,BR,1578327479,35,-32.03,-52.1,98.6,11.41
Jamestown,0,AU,1578327760,60,-33.21,138.6,66.34,4.54
Gat,40,SN,1578327632,9,14.69,-16.54,86.0,16.11
Cabo San Lucas,40,MX,1578327611,59,22.89,-109.91,72.0,5.82
Punta Arenas,40,CL,1578327572,62,-53.16,-70.91,57.2,17.22
Hyeres,0,FR,1578327899,71,43.12,6.14,57.2,4.7
Pombas,100,BR,1578327900,82,-15.9,-54.74,81.19,8.41
Pochutla,5,MX,1578327839,65,15.74,-96.47,82.4,8.68
Cape Town,100,ZA,1578327561,60,-33.93,18.42,71.01,21.92
Codrington,40,AU,1578327742,83,-28.95,153.24,72.0,2.08
Winfield,90,US,1578327840,55,37.24,-97.0,44.01,4.7
Sao Filipe,31,CV,1578327471,57,14.9,-24.5,73.22,24.11
East London,90,ZA,1578327309,88,-33.02,27.91,71.6,9.17
Valdivia,75,CL,1578327844,67,-39.81,-73.25,60.8,9.17
Mogadishu,0,SO,1578327744,84,2.04,45.34,80.89,22.59
Butaritari,100,KI,1578327664,80,3.07,172.79,84.06,15.66
Sisimiut,100,GL,1578327651,95,66.94,-53.67,-13.65,5.7
Touros,40,BR,1578327858,58,-5.2,-35.46,86.0,11.41
Alakurtti,75,RU,1578327901,94,66.96,30.34,21.0,3.0
Bonavista,100,CA,1578327481,83,48.65,-53.11,29.28,31.14
Bandrele,20,YT,1578327902,79,-12.91,45.19,84.2,8.05
Chuy,13,UY,1578327673,39,-33.69,-53.46,88.39,13.27
Banda Aceh,3,ID,1578327871,93,5.56,95.32,72.37,4.54
New Norfolk,100,AU,1578327556,82,-42.78,147.06,59.0,5.82
Ushuaia,75,AR,1578327605,66,-54.81,-68.31,51.8,6.93
Komsomolskiy,100,RU,1578327681,93,67.55,63.78,9.64,19.46
Castro,90,CL,1578327602,76,-42.48,-73.76,55.4,9.17
Rantauprapat,34,ID,1578327903,97,2.1,99.83,73.87,2.15
Gravdal,75,NO,1578327903,100,59.79,5.78,45.0,21.92
Saint George,40,GR,1578327584,39,39.45,22.34,46.0,12.75
Udachnyy,100,RU,1578327750,92,66.42,112.4,10.4,2.24
Naron,75,ES,1578327904,76,43.52,-8.15,55.99,4.7
Nizhniy Kuranakh,100,RU,1578327904,91,58.84,125.49,13.6,11.07
Luwuk,100,ID,1578327904,71,-0.95,122.79,81.55,5.64
Rorvik,40,NO,1578327904,93,64.86,11.24,45.0,10.29
Vaini,40,IN,1578327652,78,15.34,74.49,70.57,5.03
Atambua,100,ID,1578327905,87,-9.11,124.89,76.32,0.78
Dalianwan,90,CN,1578327905,92,39.03,121.69,35.6,2.24
Kholodnyy,99,RU,1578327633,100,62.72,147.95,-22.43,2.93
Burnie,99,AU,1578327802,84,-41.05,145.91,54.0,5.99
Pingxiang,31,CN,1578327906,82,27.63,113.85,61.57,3.58
Knysna,90,ZA,1578327906,88,-34.04,23.05,64.4,4.7
Tarakan,98,ID,1578327906,81,3.3,117.63,80.31,5.32
Mataura,88,NZ,1578327652,93,-46.19,168.86,48.99,5.01
Bongaree,75,AU,1578327906,83,-27.08,153.16,78.01,6.93
Kahului,1,US,1578327525,73,20.89,-156.47,73.4,9.17
Muroto,5,JP,1578327906,75,33.37,134.14,41.52,3.27
Bredasdorp,100,ZA,1578327653,52,-34.53,20.04,69.8,6.93
Cidreira,0,BR,1578327673,84,-30.17,-50.22,75.13,14.85
Luderitz,57,NA,1578327516,64,-26.65,15.16,75.2,28.86
Bethel,1,US,1578327468,68,60.79,-161.76,-16.6,9.17
Nhamunda,100,BR,1578327908,47,-2.19,-56.71,91.65,5.37
Kaoma,100,ZM,1578327581,72,-14.8,24.8,75.27,6.42
Adrar,0,DZ,1578327622,17,27.87,-0.29,66.2,19.46
Verkhnyaya Sinyachikha,0,RU,1578327908,91,57.98,61.67,18.73,7.07
Tadine,22,NC,1578327908,85,-21.55,167.88,72.86,9.17
Mar del Plata,47,AR,1578327577,33,-46.43,-67.52,65.91,9.55
Okhotsk,0,RU,1578327713,80,59.36,143.24,-5.46,12.57
Isangel,97,VU,1578327832,78,-19.55,169.27,77.0,8.05
Kapaa,75,US,1578327657,83,22.08,-159.32,75.2,21.92
Manzhouli,94,CN,1578327826,95,49.6,117.43,10.26,6.2
Quatre Cocos,75,MU,1578327534,88,-20.21,57.76,80.6,2.24
Kizhinga,63,RU,1578327909,99,51.85,109.91,-2.36,1.54
Taoudenni,97,ML,1578327648,9,22.68,-3.98,72.55,5.95
Tuktoyaktuk,40,CA,1578327659,74,69.44,-133.03,-22.0,8.05
Russell,1,US,1578327816,68,38.9,-98.86,39.0,11.41
Hirara,100,JP,1578327564,75,24.8,125.28,70.7,17.54
Vanavara,100,RU,1578327910,93,60.35,102.28,17.31,9.48
Inhambane,75,MZ,1578327570,66,-23.87,35.38,86.0,11.41
Port Lincoln,0,AU,1578327569,69,-34.72,135.86,62.8,13.24
Kuching,75,MY,1578327715,94,1.56,110.34,75.2,3.36
Banswara,1,IN,1578327911,31,23.55,74.45,67.48,5.95
Simao,0,CN,1578327911,89,22.76,100.79,50.94,1.41
Port-Gentil,40,GA,1578327704,83,-0.72,8.78,84.2,5.82
Mnogovershinnyy,100,RU,1578327911,68,53.94,139.92,8.44,5.99
Souillac,90,FR,1578327842,93,45.6,-0.6,42.8,5.82
San Rafael,0,AR,1578327843,24,-34.61,-68.33,70.63,14.58
Milyutinskaya,100,RU,1578327912,98,48.63,41.67,33.91,2.82
Iqaluit,90,CA,1578327672,62,63.75,-68.52,-13.0,8.05
Aksu,90,KZ,1578327811,100,52.04,76.93,15.8,2.24
Manali,100,IN,1578327912,98,32.25,77.19,30.85,1.19
Astoria,90,US,1578327912,87,46.19,-123.83,55.0,23.04
Arraial do Cabo,40,BR,1578327558,70,-22.97,-42.02,91.4,13.87
Saint-Pierre,0,FR,1578327868,86,48.95,4.24,46.4,14.99
Hay River,75,CA,1578327620,75,60.82,-115.79,-13.0,12.75
Gdansk,75,PL,1578327913,100,54.35,18.65,39.99,6.93
San Andres,48,PH,1578327884,88,13.32,122.68,75.25,10.42
Port Alfred,90,ZA,1578327557,94,-33.59,26.89,70.0,4.0
Victor Harbor,0,AU,1578327865,48,-35.55,138.62,69.01,9.17
San Quintin,11,PH,1578327451,87,17.54,120.52,70.25,4.25
Ilhabela,0,BR,1578327914,84,-23.78,-45.36,77.27,8.25
Opuwo,72,NA,1578327811,46,-18.06,13.84,80.65,12.48
Oranjestad,20,AW,1578327914,74,12.52,-70.03,80.6,9.17
Carnarvon,89,ZA,1578327687,11,-30.97,22.13,87.98,21.03
Raichur,61,IN,1578327915,73,16.2,77.36,75.92,9.69
Gao,49,ML,1578327563,10,16.28,-0.04,81.91,8.32
Harper,1,US,1578327771,54,30.3,-99.24,61.0,6.53
Fairlie,1,US,1578327915,66,33.31,-95.96,52.0,3.6
Sarh,71,TD,1578327779,27,9.14,18.39,87.8,6.93
Constitucion,40,MX,1578327811,56,23.99,-104.67,48.99,0.81
Walvis Bay,44,NA,1578327816,72,-22.95,14.51,68.0,11.41
Thompson,90,CA,1578327689,83,55.74,-97.86,-4.0,0.72
Pisco,57,PE,1578327672,30,-13.71,-76.2,72.0,10.29
Leningradskiy,0,RU,1578327613,73,69.38,178.42,-7.8,6.6
Pout,4,SN,1578327916,9,14.77,-17.06,84.2,16.11
Metro,97,ID,1578327913,86,-5.11,105.31,78.1,1.59
Tiksi,83,RU,1578327659,85,71.64,128.87,-8.79,6.4
Ponta do Sol,63,BR,1578327566,73,-20.63,-46.0,78.08,5.48
Kidal,0,ML,1578327799,11,18.44,1.41,75.16,7.43
Berdigestyakh,93,RU,1578327526,97,62.1,126.7,5.59,3.58
Sitka,0,US,1578327636,72,37.17,-99.65,32.0,5.99
Airai,100,TL,1578327694,78,-8.93,125.41,69.98,4.38
Youghal,40,IE,1578327917,81,51.95,-7.85,51.01,11.41
Katsuura,75,JP,1578327686,75,33.93,134.5,42.8,5.82
Mount Isa,67,AU,1578327619,54,-20.73,139.49,80.6,6.93
Norman Wells,20,CA,1578327564,72,65.28,-126.83,-41.8,2.24
Cairns,40,AU,1578327918,94,-16.92,145.77,79.0,6.93
Lagoa,0,PT,1578327669,59,37.14,-8.45,64.0,9.17
Mayo,5,CA,1578327501,65,63.59,-135.9,-34.6,2.42
Aykhal,100,RU,1578327714,92,65.95,111.51,10.4,2.24
Klaksvik,100,FO,1578327684,70,62.23,-6.59,46.4,17.22
Tura,100,RU,1578327761,88,64.27,100.22,10.6,7.25
Evensk,0,RU,1578327817,47,61.92,159.24,-6.83,3.91
Amapa,75,HN,1578327778,78,15.09,-87.97,73.4,2.24
Punta Alta,20,AR,1578327919,46,-27.46,-55.82,93.2,12.75
Lorengau,11,PG,1578327520,76,-2.02,147.27,84.36,11.1
Sioux Lookout,1,CA,1578327834,71,50.1,-91.92,8.6,6.93
Saskylakh,100,RU,1578327507,96,71.97,114.09,-5.08,7.05
Yakima,1,US,1578327624,75,46.6,-120.51,42.8,12.75
Nhulunbuy,75,AU,1578327627,88,-12.18,136.78,78.8,14.99
Hilo,90,US,1578327659,65,19.71,-155.08,77.0,8.05
Jurm,100,AF,1578327851,95,36.86,70.83,18.36,1.68
San Policarpo,34,PH,1578327827,84,12.18,125.51,79.11,13.44
Walcz,93,PL,1578327920,94,53.28,16.47,37.99,1.01
Manaquiri,20,BR,1578327921,52,-3.43,-60.46,93.2,9.17
Margate,100,AU,1578327635,82,-43.03,147.26,59.0,5.82
Sabang,10,PH,1578327701,84,13.8,121.11,78.01,5.99
Ahipara,100,NZ,1578327543,92,-35.17,173.16,55.99,23.22
Wilmington,75,US,1578327789,60,39.75,-75.55,48.0,9.17
Dingle,96,PH,1578327768,94,11.0,122.67,73.74,11.36
Shuya,100,RU,1578327921,92,56.84,41.38,25.81,2.75
Half Moon Bay,1,US,1578327739,75,37.46,-122.43,48.0,3.36
Muros,75,ES,1578327922,87,42.77,-9.06,57.0,3.36
Xuddur,74,SO,1578327853,40,4.12,43.89,88.77,13.31
Kurchum,3,KZ,1578327922,77,48.57,83.65,3.54,2.86
Kruisfontein,100,ZA,1578327531,84,-34.0,24.73,65.82,8.77
Chernyshevskiy,100,RU,1578327922,93,63.01,112.47,15.21,12.59
Srandakan,100,ID,1578327922,86,-7.94,110.25,77.02,3.44
Marawi,100,PH,1578327785,87,8.0,124.29,77.0,4.0
Skjervoy,75,NO,1578327885,86,70.03,20.97,37.4,6.93
Port Augusta,5,AU,1578327923,77,-32.49,137.76,64.99,8.05
Mahebourg,75,MU,1578327470,88,-20.41,57.7,80.6,2.24
Igrim,67,RU,1578327923,89,63.19,64.42,12.31,9.17
Khatanga,88,RU,1578327671,86,71.98,102.47,7.81,13.33
Sorong,100,ID,1578327634,95,-0.86,131.25,75.13,2.51
Chimbote,2,PE,1578327654,59,-9.08,-78.59,78.8,9.22
Rosario,61,UY,1578327924,43,-34.31,-57.35,77.0,4.0
Laguna,90,BZ,1578327924,78,16.17,-88.94,71.6,4.7
Cherskiy,0,RU,1578327568,65,68.75,161.3,-13.7,5.28
Verkhnyaya Inta,100,RU,1578327925,92,65.99,60.32,8.74,22.12
Matao,12,BR,1578327803,65,-21.6,-48.37,82.92,8.99
Aksehir,100,TR,1578327925,87,38.36,31.42,40.6,14.81
Biak,100,ID,1578327589,71,-0.91,122.88,81.55,5.64
Hofn,20,IS,1578327834,86,64.25,-15.21,37.4,8.05
Santiago del Estero,67,AR,1578327653,46,-27.8,-64.26,77.95,11.88
Strezhevoy,90,RU,1578327609,92,60.73,77.6,24.8,11.18
Lumsden,90,CA,1578327925,79,50.65,-104.86,26.6,18.34
Hithadhoo,100,MV,1578327711,73,-0.6,73.08,83.59,10.4
Aasiaat,87,GL,1578327812,99,68.71,-52.87,-10.55,2.64
Marquette,40,US,1578327926,62,46.54,-87.4,30.0,17.22
Hermanus,100,ZA,1578327605,68,-34.42,19.24,69.01,1.99
Yeniseysk,46,RU,1578327926,95,58.45,92.17,13.87,5.26
Requena,0,ES,1578327926,58,39.49,-1.1,61.0,5.82
Big Spring,1,US,1578327926,56,32.25,-101.48,46.99,3.36
Tuatapere,100,NZ,1578327502,93,-46.13,167.69,48.99,7.0
Gazojak,17,TM,1578327927,52,41.19,61.4,31.12,3.83
Kharan,99,PK,1578327927,84,28.58,65.42,54.41,5.61
Vila Franca do Campo,75,PT,1578327569,88,37.72,-25.43,66.2,13.87
Yerbogachen,100,RU,1578327638,89,61.28,108.01,17.1,13.65
Lasa,75,CY,1578327685,72,34.92,32.53,60.8,24.16
Kamenka,58,MD,1578327615,69,48.03,28.7,30.0,7.31
Yantai,100,CN,1578327927,75,37.53,121.39,37.99,16.31
Lebu,20,ET,1578327655,59,8.96,38.73,62.6,13.87
Bhaderwah,100,IN,1578327928,98,32.98,75.72,31.53,4.09
Alofi,75,NU,1578327766,100,-19.06,-169.92,75.2,4.7
Calvinia,100,ZA,1578327928,33,-31.47,19.78,76.82,14.41
Ballina,20,IE,1578327850,93,54.11,-9.15,48.0,9.17
Fare,20,PF,1578327441,76,-16.7,-151.02,81.5,13.53
Ravar,0,IR,1578327929,44,31.27,56.81,47.35,1.54
Barra Patuca,98,HN,1578327697,78,15.8,-84.28,79.21,9.89
Taltal,76,CL,1578327630,72,-25.41,-70.49,65.55,6.64
Key Largo,1,US,1578327929,56,25.09,-80.45,70.0,9.17
Hovd,100,NO,1578327560,75,63.83,10.7,46.99,10.29
Pemberton,56,AU,1578327929,79,-34.44,116.03,64.99,2.73
Saint-Joseph,90,FR,1578327848,76,43.56,6.97,57.2,3.36
Sistranda,75,NO,1578327611,81,63.73,8.83,42.8,18.34
Hervey Bay,40,AU,1578327590,83,-25.3,152.85,75.99,5.82
Annau,90,TM,1578327930,100,37.89,58.52,39.2,9.17
Vardo,75,US,1578327469,45,39.62,-77.74,48.99,21.92
Solnechnyy,0,RU,1578327638,83,50.72,136.64,-1.64,2.19
Yueyang,100,CN,1578327716,88,29.36,113.12,42.51,10.85
Kerchevskiy,0,RU,1578327930,95,59.95,56.29,7.66,5.23
Dondo,20,MZ,1578327931,62,-19.62,34.74,87.8,18.34
Buckeye,1,US,1578327931,57,33.37,-112.58,54.0,3.36
Hambantota,95,LK,1578327704,100,6.12,81.12,77.0,5.82
Meulaboh,0,ID,1578327629,70,4.14,96.13,84.4,7.14
Whitianga,39,NZ,1578327931,68,-36.83,175.7,57.25,18.7
Mundo Nuevo,68,CL,1578327931,64,-32.72,-71.41,68.0,12.75
North Bend,90,US,1578327595,87,43.41,-124.22,50.0,9.17
Kyabe,60,TD,1578327932,16,9.45,18.94,94.62,4.27
Maine-Soroa,62,NE,1578327932,18,13.21,12.02,83.48,12.35
Bonthe,0,SL,1578327510,49,7.53,-12.5,85.89,12.19
Nizhniy Odes,100,RU,1578327932,98,63.64,54.86,2.44,5.77
Sandakan,40,MY,1578327932,88,5.84,118.12,80.6,8.05
Naze,99,NG,1578327840,41,5.43,7.07,93.2,5.82
Portland,90,US,1578327493,62,43.66,-70.25,26.01,9.17
Uige,97,AO,1578327933,74,-7.61,15.06,79.77,1.61
Najran,40,SA,1578327933,52,17.54,44.22,66.2,6.93
Zeya,81,RU,1578327933,98,53.74,127.27,-10.01,2.33
Avarua,29,CK,1578327678,100,-21.21,-159.78,77.0,1.12
Zherdevka,83,RU,1578327933,96,51.84,41.47,22.42,5.84
Dunedin,75,NZ,1578327559,82,-45.87,170.5,52.43,31.9
Baykit,97,RU,1578327324,95,61.68,96.39,10.92,4.38
Banjar,100,ID,1578327934,93,-7.37,108.54,75.43,1.88
Namibe,20,AO,1578327651,69,-15.19,12.15,80.6,18.34
Sorland,90,NO,1578327607,93,67.67,12.69,42.8,24.16
Verkhoyansk,0,RU,1578327818,89,67.55,133.39,-26.3,1.72
Kyshtovka,97,RU,1578327935,96,56.56,76.62,8.17,8.46
Shache,100,CN,1578327679,54,38.42,77.24,26.1,4.83
Superior,1,US,1578327727,23,39.95,-105.17,39.2,19.46
Nkowakowa,56,ZA,1578327935,56,-23.89,30.29,82.0,6.93
Shamkhal,90,RU,1578327936,86,43.06,47.33,41.0,4.47
Salalah,75,OM,1578327511,74,17.01,54.1,78.8,5.82
Lauro Muller,25,BR,1578327936,40,-28.39,-49.4,86.7,2.91
Taybad,0,IR,1578327730,71,34.74,60.78,40.3,7.74
Monte Alegre,78,BR,1578327572,62,-2.0,-54.07,85.69,4.76
Cabedelo,40,BR,1578327699,40,-6.97,-34.84,89.6,11.41
Arantangi,18,IN,1578327936,80,10.17,78.99,79.03,11.21
Ust-Omchug,72,RU,1578327761,100,61.13,149.63,-18.04,2.17
Madang,100,CN,1578327937,85,35.32,102.79,18.97,1.07
Hueyotlipan,5,MX,1578327937,41,19.47,-98.35,57.2,3.98
Ilulissat,90,GL,1578327522,77,69.22,-51.1,-0.4,8.05
Zhezkazgan,100,KZ,1578327824,96,47.8,67.71,14.72,4.05
Pringsewu,94,ID,1578327822,94,-5.36,104.98,72.81,1.43
Ixtapa,40,MX,1578327693,56,20.71,-105.21,72.0,8.05
Vao,100,EE,1578327671,98,59.1,26.19,35.67,6.46
Flin Flon,90,CA,1578327811,84,54.77,-101.88,3.2,3.36
Kitimat,90,CA,1578327938,100,54.02,-128.69,28.4,1.81
Nyurba,100,RU,1578327924,94,63.29,118.35,12.61,8.48
Portel,82,BR,1578327939,85,-1.94,-50.82,81.75,4.18
Monrovia,2,LR,1578327939,46,6.33,-10.8,89.6,9.17
Port Macquarie,65,AU,1578327715,88,-31.43,152.91,73.0,3.36
Fairbanks,20,US,1578327468,73,64.84,-147.72,-17.0,0.31
Mecca,0,SA,1578327832,21,21.43,39.83,71.91,6.26
Namwala,100,ZM,1578327940,84,-15.75,26.45,75.6,4.88
Vila Velha,40,BR,1578327599,62,-3.71,-38.6,87.8,11.41
Tevriz,100,RU,1578327666,96,57.51,72.4,12.92,5.41
Tottori,52,JP,1578327940,74,35.5,134.23,41.67,5.61
Poitiers,40,FR,1578327940,75,46.58,0.34,46.0,10.29
Torbay,90,CA,1578327609,86,47.66,-52.73,30.2,24.16
Kodiak,40,US,1578327468,69,39.95,-94.76,34.0,3.22
Poum,40,MK,1578327471,42,41.28,20.71,30.2,12.75
Aracati,72,BR,1578327941,46,-4.56,-37.77,91.62,10.02
Shetpe,48,KZ,1578327689,63,44.14,52.16,29.97,7.49
San Patricio,34,PY,1578327603,21,-26.98,-56.83,100.31,4.97
Harnosand,5,SE,1578327941,100,62.63,17.94,35.01,3.36
San Cristobal,98,HN,1578327574,82,14.68,-86.92,62.58,6.04
Zhigansk,100,RU,1578327642,96,66.77,123.37,-3.91,22.93
Hrodna,90,BY,1578327942,96,53.68,23.83,32.0,6.71
Amazar,0,RU,1578327942,95,53.86,120.88,-10.48,1.5
Villa del Rosario,14,AR,1578327942,38,-31.55,-63.53,77.0,10.29
Cangzhou,100,CN,1578327824,73,38.3,116.85,34.5,5.97
Nishihara,75,JP,1578327426,55,35.74,139.53,48.0,12.21
Yarensk,3,RU,1578327588,94,62.17,49.09,6.22,5.77
Verkhnevilyuysk,100,RU,1578327847,94,63.45,120.31,11.73,7.09
Srivaikuntam,56,IN,1578327943,78,8.63,77.91,79.95,14.76
Channel-Port aux Basques,4,CA,1578327943,74,47.57,-59.14,26.28,18.41
Bolshaya Glushitsa,100,RU,1578327890,94,50.24,43.59,33.01,5.57
Ornskoldsvik,95,SE,1578327846,93,63.29,18.72,32.0,4.7
Plettenberg Bay,100,ZA,1578327593,87,-34.05,23.37,65.66,8.19
Sampit,100,ID,1578327525,93,-2.54,112.95,77.09,1.72
Blagoyevo,66,RU,1578327943,95,63.37,47.92,5.0,5.53
Gbarnga,21,LR,1578327944,17,7.0,-9.47,96.66,1.07
Podor,35,MR,1578327712,12,16.65,-14.96,82.4,9.17
Kaili,100,ID,1578327944,89,-3.46,120.21,62.64,1.21
Fortuna,40,US,1578327667,100,40.6,-124.16,39.0,10.29
Purpe,85,RU,1578327944,90,64.48,76.69,25.0,11.79
Alta Floresta,75,BR,1578327653,74,-9.87,-56.08,86.0,4.7
Grindavik,75,IS,1578327824,83,63.84,-22.43,35.6,31.09
Sai Buri,20,TH,1578327945,83,6.7,101.62,77.0,3.36
Coachella,1,US,1578327945,42,33.68,-116.18,52.0,10.45
San Carlos de Bariloche,75,AR,1578327531,50,-41.13,-71.31,55.4,23.04
Barstow,1,US,1578327945,42,31.46,-103.39,52.0,10.29
Noumea,20,NC,1578327832,78,-22.28,166.46,79.0,2.24
Lucapa,99,AO,1578327946,78,-8.42,20.74,76.78,2.82
Orlik,75,PL,1578327946,100,53.95,17.74,37.0,6.93
Buta,100,CD,1578327946,26,2.79,24.73,95.05,3.0
Tessalit,38,ML,1578327946,9,20.2,1.01,74.79,7.0
Brae,100,GB,1578327682,87,60.4,-1.35,48.2,27.51
Diamantino,100,BR,1578327809,80,-14.4,-56.44,78.75,11.07
Anupshahr,100,IN,1578327946,68,28.36,78.27,55.99,5.06
Ostrovnoy,100,RU,1578327514,92,68.05,39.51,17.98,14.5
Lahaina,20,US,1578327915,69,20.87,-156.68,73.4,17.22
Kavieng,18,PG,1578327654,75,-2.57,150.8,84.83,12.48
Westport,90,US,1578327488,74,41.14,-73.36,39.99,10.29
Satun,20,TH,1578327947,78,6.62,100.07,82.4,6.93
Pavlodar,90,KZ,1578327947,100,52.28,76.96,15.8,2.24
Praia da Vitoria,20,PT,1578327799,72,38.73,-27.07,66.2,20.49
Milton,100,AU,1578327948,100,-35.32,150.44,64.99,5.82
Hami,37,CN,1578327690,49,42.84,93.51,19.92,0.69
Sinnamary,100,GF,1578327684,79,5.38,-52.96,79.93,15.28
Kundiawa,100,PG,1578327948,99,-6.02,144.97,57.67,1.86
Yulara,90,AU,1578327524,47,-25.24,130.99,80.6,10.29
Togur,100,RU,1578327948,96,58.36,82.83,11.98,6.06
Nambucca Heads,90,AU,1578327949,88,-30.64,152.99,73.4,3.2
Nanortalik,0,GL,1578327844,74,60.14,-45.24,12.85,44.25
Gigmoto,21,PH,1578327949,82,13.78,124.39,80.47,23.87
Nador,75,MA,1578327949,63,35.17,-2.93,60.8,5.82
Daru,99,PG,1578327667,89,-9.07,143.21,78.06,3.29
Makubetsu,0,JP,1578327949,72,42.84,143.34,20.98,8.23
Deputatskiy,63,RU,1578327751,77,69.3,139.9,-17.21,0.76
Inuvik,20,CA,1578327950,73,68.36,-133.71,-27.4,2.24
Yinchuan,100,CN,1578327950,68,38.48,106.21,24.42,0.81
Seymchan,64,RU,1578327950,100,62.93,152.39,-17.55,1.16
Gamboma,48,CG,1578327950,39,-1.87,15.88,92.19,5.08
Yining,67,CN,1578327950,89,29.04,114.56,59.02,2.44
Suzhou,6,CN,1578327950,96,31.3,120.58,57.99,5.59
Petropavlovsk-Kamchatskiy,100,RU,1578327508,73,53.05,158.65,23.0,6.71
Mildura,0,AU,1578327951,82,-34.18,142.16,62.6,7.34
Masvingo,0,ZW,1578327951,24,-20.08,30.83,89.4,11.41
Mudanjiang,100,CN,1578327951,92,44.58,129.6,10.65,1.07
Zaltan,0,LY,1578327951,55,32.95,11.87,57.34,24.87
Alice Springs,100,AU,1578327616,50,-23.7,133.88,75.2,4.7
Dudinka,40,RU,1578327768,84,69.41,86.18,8.6,22.37
Conakry,0,GN,1578327951,40,9.52,-13.7,87.8,13.87
Itambe,95,BR,1578327952,84,-15.24,-40.62,79.32,3.98
Narsaq,20,GL,1578327589,31,60.91,-46.05,3.2,2.24
Ilembula,98,TZ,1578327952,81,-8.9,34.58,70.72,2.98
The Pas,75,CA,1578327952,84,53.82,-101.24,3.2,8.05
Kiama,100,AU,1578327579,100,-34.67,150.86,69.01,4.7
Coihaique,90,CL,1578327888,58,-45.58,-72.07,55.4,8.05
Kysyl-Syr,100,RU,1578327953,97,63.9,122.77,-0.09,6.08
Saint Pete Beach,1,US,1578327953,51,27.73,-82.74,63.0,3.36
Lavrentiya,100,RU,1578327755,77,65.58,-170.99,-7.78,1.9
Thunder Bay,75,CA,1578327435,72,48.41,-89.26,19.0,13.87
Emba,75,CY,1578327879,67,34.81,32.42,60.8,21.92
Caravelas,100,BR,1578327499,75,-17.73,-39.27,84.61,9.75
Nemuro,3,JP,1578327687,77,43.32,145.57,31.24,37.63
Mangrol,100,IN,1578327954,38,25.33,76.51,65.34,7.25
Santa Cecilia,89,CR,1578327954,42,9.85,-84.31,82.4,24.16
Ambanja,75,MG,1578327954,83,-13.68,48.45,84.2,4.7
Prince Rupert,90,CA,1578327954,76,54.32,-130.32,32.0,5.82
Champerico,90,MX,1578327823,68,16.38,-93.6,68.0,2.24
Ambilobe,100,MG,1578327625,82,-13.19,49.05,81.03,3.36
Periyanayakkanpalaiyam,40,IN,1578327955,65,11.15,76.93,78.8,5.82
Waingapu,100,ID,1578327872,76,-9.65,120.26,83.82,19.6
Havoysund,75,NO,1578327455,86,71.0,24.66,33.8,11.41
Bayir,75,TR,1578327956,76,37.27,28.22,50.0,8.05
Beringovskiy,0,RU,1578327579,83,63.05,179.32,-9.78,13.24
Port Shepstone,100,ZA,1578327663,92,-30.74,30.45,73.89,7.76
Tyukhtet,96,RU,1578327956,94,56.54,89.31,17.42,7.83
Yumen,100,CN,1578327812,52,40.29,97.04,20.57,13.91
Sao Jose do Campestre,75,BR,1578327956,58,-6.32,-35.71,87.8,11.41
Trofors,75,NO,1578327956,93,65.54,13.39,46.4,4.7
Maturin,32,VE,1578327956,64,9.75,-63.18,82.99,4.5
San Jeronimo,0,PE,1578327823,100,-13.65,-73.37,37.4,6.93
Mikhaylovka,93,RU,1578327957,80,52.96,103.29,10.56,2.55
Minas,75,UY,1578327957,60,-34.38,-55.24,75.2,20.8
Srednekolymsk,51,RU,1578327852,93,67.46,153.71,-16.58,3.71
Chester,40,GB,1578327957,71,53.19,-2.89,50.0,8.05
Benghazi,96,LY,1578327957,68,32.12,20.07,54.73,19.33
Lagos,25,NG,1578327762,41,6.46,3.39,93.2,6.93
Miri,90,NG,1578327838,18,10.31,9.75,86.56,7.29
Joensuu,90,FI,1578327958,100,62.6,29.76,32.0,6.93
Smidovich,98,RU,1578327958,93,48.6,133.81,-4.45,2.91
Mushie,71,CD,1578327958,42,-3.02,16.92,92.03,2.3
Laureles,5,MX,1578327959,71,29.18,-110.87,57.99,0.56
Polyarnyy,75,RU,1578327959,92,69.2,33.45,17.6,4.47
Mehamn,0,NO,1578327555,79,71.03,27.85,21.2,11.41
Hasaki,75,JP,1578327606,60,35.73,140.83,41.0,10.29
Sarankhola,0,BD,1578327959,48,22.31,89.79,62.83,6.33
Gedo,97,ET,1578327960,47,9.01,37.45,68.94,3.38
Iracoubo,100,GF,1578327960,79,5.48,-53.21,79.93,15.28
Trairi,52,BR,1578327960,56,-3.28,-39.27,87.75,7.07
Honiara,20,SB,1578327960,94,-9.43,159.96,78.8,3.44
Umm Kaddadah,86,SD,1578327911,14,13.6,26.69,78.62,8.39
Marsh Harbour,99,BS,1578327852,62,26.54,-77.06,69.06,11.39
Kovdor,93,RU,1578327889,96,67.56,30.47,17.2,4.25
Chantada,75,ES,1578327961,87,42.61,-7.77,50.0,3.36
Tigil,0,RU,1578327679,76,57.8,158.67,3.09,2.89
Griffith,100,AU,1578327798,77,-34.29,146.06,68.0,10.29
Gidam,6,IN,1578327961,68,18.98,81.4,66.97,3.53
Pokrovsk,52,RU,1578327961,95,61.48,129.14,1.29,3.04
Kushima,0,JP,1578327962,76,31.5,131.29,53.01,3.0
Kitui,39,KE,1578327962,82,-1.37,38.02,75.06,7.81
Kedrovyy,84,RU,1578327962,85,56.17,91.82,17.6,4.47
Roblin,0,CA,1578327962,86,51.23,-101.35,18.05,9.95
Nicoya,20,CR,1578327377,58,10.15,-85.45,86.0,4.72
Luanda,20,AO,1578327794,62,-8.83,13.24,87.8,11.41
Sarkand,1,KZ,1578327962,46,45.41,79.91,19.8,3.76
Gasa,86,BT,1578327963,47,27.91,89.73,5.99,2.66
Bubaque,8,GW,1578327614,47,11.28,-15.83,80.17,8.01
College,20,US,1578327388,73,64.86,-147.8,-17.0,1.97
Lata,100,IN,1578327689,98,30.78,78.62,19.33,4.54
Santa Maria do Suacui,45,BR,1578327964,65,-18.19,-42.41,84.29,2.98
Kuryk,18,KZ,1578327964,58,43.18,51.68,41.9,10.4
Moa,95,CU,1578327964,98,20.66,-74.95,67.75,4.9
Pingliang,100,CN,1578327964,76,35.54,106.68,22.23,5.97
Isabela,98,PH,1578327800,93,10.2,122.99,70.25,7.56
Uvalde,1,US,1578327964,62,29.21,-99.79,62.01,5.88
General Roca,0,AR,1578327635,19,-39.03,-67.58,69.8,14.99
Kloulklubed,90,PW,1578327618,83,7.04,134.26,78.8,11.41
Nelson,100,CA,1578327421,97,49.49,-117.29,17.44,0.36
Fukue,75,JP,1578327667,69,35.03,136.69,46.4,4.7
Moose Factory,90,CA,1578327540,85,51.26,-80.61,10.4,6.93
Morro Bay,1,US,1578327699,37,35.37,-120.85,57.0,10.29
Tanout,55,NE,1578327752,14,14.97,8.88,78.4,13.71
Los Llanos de Aridane,75,ES,1578327638,82,28.66,-17.92,64.4,19.46
Ontario,1,US,1578327868,24,34.07,-117.65,63.0,5.82
Hualmay,38,PE,1578327612,56,-11.1,-77.61,78.15,8.79
Kollam,20,IN,1578327966,74,8.88,76.6,84.2,4.7
Namatanai,39,PG,1578327626,77,-3.66,152.44,83.91,5.53
Goma,100,CD,1578327820,95,-1.67,29.23,62.78,1.66
Fort Nelson,20,CA,1578327630,74,58.81,-122.69,-27.4,1.45
Kapit,100,MY,1578327877,97,2.02,112.94,73.96,1.41
Plastun,100,RU,1578327967,58,44.76,136.29,16.03,5.23
Mount Pleasant,1,US,1578327649,70,33.16,-94.97,51.01,3.36
Panama City,1,US,1578327967,58,30.16,-85.65,61.0,5.82
Houston,20,US,1578327878,72,29.76,-95.37,69.01,3.36
Vercelli,0,IT,1578327967,80,45.33,8.42,44.6,3.36
Severomuysk,0,RU,1578327782,77,56.17,113.57,-8.09,2.44
Shalazhi,75,RU,1578327968,93,43.1,45.36,35.6,1.59
Sibolga,94,ID,1578327500,95,1.74,98.78,72.39,2.66
Sao Miguel do Araguaia,100,BR,1578327809,87,-13.28,-50.16,77.67,10.22
Melfi,0,IT,1578327968,48,41.0,15.66,46.4,18.34
Talaya,75,RU,1578327969,92,55.79,84.89,21.0,8.95
Havelock,0,US,1578327431,53,34.88,-76.9,55.99,4.29
Hsinchu,40,TW,1578327860,93,24.8,120.97,71.6,2.24
Hayrabolu,75,TR,1578327969,86,41.21,27.11,39.99,32.21
Manoel Urbano,100,BR,1578327969,48,-8.84,-69.26,88.74,7.02
Rio Cuarto,0,AR,1578327941,30,-33.13,-64.35,71.6,9.17
Ucluelet,90,CA,1578327969,81,48.94,-125.55,46.4,2.24
Alegrete,68,BR,1578327970,29,-29.79,-55.79,95.45,16.33
Longyearbyen,20,NO,1578327501,55,78.22,15.63,8.6,19.46
Saint Anthony,90,US,1578327515,85,43.97,-111.68,24.8,0.45
Sola,86,TZ,1578327520,79,-3.17,33.8,71.89,7.81
Nuevo Progreso,40,US,1578327970,60,26.05,-97.95,71.01,13.87
Sur,0,OM,1578327970,62,22.57,59.53,74.5,5.3
Galle,0,GN,1578327670,13,10.08,-12.83,91.0,3.38
Curup,50,ID,1578327971,97,-3.47,102.53,67.15,1.81
Boa Vista,40,BR,1578327788,38,2.82,-60.67,89.6,12.75
Xiamen,75,CN,1578327971,100,24.46,118.07,62.6,4.47
Ancud,90,CL,1578327762,76,-41.87,-73.83,55.4,9.17
San Jose,40,HN,1578327627,64,14.25,-87.96,71.6,16.11
Anloga,16,GH,1578327803,42,5.79,0.9,87.13,11.1
Ust-Barguzin,95,RU,1578327971,95,53.41,109.03,4.82,4.34
Ojo de Agua,75,EC,1578327972,78,-0.94,-80.37,80.6,11.41
Necochea,0,AR,1578327972,58,-38.55,-58.74,68.38,24.65
Mosquera,40,CO,1578327569,52,4.71,-74.23,64.4,4.7
Tucupita,0,VE,1578327771,57,9.06,-62.05,85.19,4.36
Novaya Malykla,91,RU,1578327972,96,54.21,49.93,17.24,2.44
Riosucio,40,CO,1578327830,68,5.42,-75.7,77.0,10.29
Beloha,19,MG,1578327603,57,-25.17,45.06,83.68,17.85
Garango,100,BF,1578327973,14,11.8,-0.55,89.56,3.76
Caxias,75,BR,1578327973,59,-4.87,-43.35,89.6,6.93
Havant,75,GB,1578327973,93,50.85,-0.98,48.99,19.46
Fasa,0,IR,1578327973,75,28.94,53.65,46.4,4.7
Maniitsoq,100,GL,1578327895,92,65.42,-52.9,-2.13,16.22
Vestmannaeyjar,40,IS,1578327575,77,63.44,-20.27,39.2,29.97
Fort William,75,GB,1578327940,76,56.82,-5.11,48.2,16.11
Old Saybrook,90,US,1578327974,79,41.29,-72.38,39.2,4.7
Murighiol,94,RO,1578327974,80,45.04,29.17,36.0,16.11
Aklavik,20,CA,1578327685,73,68.22,-135.01,-25.6,2.24
Gushikawa,20,JP,1578327676,82,26.35,127.87,66.2,4.7
Grand Gaube,75,MU,1578327645,88,-20.01,57.66,80.6,2.24
Umm Lajj,0,SA,1578327974,50,25.02,37.27,60.24,5.08
Bonga,17,ET,1578327974,61,7.26,36.25,70.05,0.56
Chulym,100,RU,1578327975,95,55.09,80.97,20.03,7.85
Rovaniemi,90,FI,1578327975,92,66.5,25.72,23.0,6.93
Borogontsy,99,RU,1578327975,98,62.67,131.17,-6.18,3.96
Presidente Dutra,66,BR,1578327840,87,-5.29,-44.49,82.22,2.8
Moroni,75,GR,1578327976,76,35.09,24.92,50.0,32.21
Okoneshnikovo,87,RU,1578327976,96,54.84,75.08,15.15,7.52
Santa Isabel do Rio Negro,16,BR,1578327530,48,-0.41,-65.02,91.81,4.88
Yeppoon,75,AU,1578327632,83,-23.13,150.74,75.2,8.05
Shahr-e Kord,0,IR,1578327976,68,32.33,50.85,30.2,6.93
Yakeshi,100,CN,1578327976,96,49.28,120.73,4.82,3.67
Nadym,76,RU,1578327976,88,65.53,72.51,6.8,11.77
Middelburg,33,NL,1578327976,75,51.5,3.61,46.0,14.99
Tonantins,26,BR,1578327977,56,-2.86,-67.77,89.02,4.81
Faanui,6,PF,1578327639,80,-16.48,-151.75,81.09,13.58
Mazyr,80,BY,1578327977,78,52.05,29.27,28.78,5.44
Columbia,1,US,1578327832,50,34.0,-81.03,55.4,3.36
Porto Walter,8,BR,1578327688,41,-8.27,-72.74,89.06,7.27
Usinsk,100,RU,1578327977,95,66.0,57.56,9.57,13.51
