City,Cloudiness,Country,Date,Humidity,Lat,Lng,Max Temp,Wind Speed
Flowing Wells,90,US,1577475093,70,32.29,-111.01,48.99,10.29
Touros,40,BR,1577474857,58,-5.2,-35.46,84.2,14.99
Tecoanapa,40,MX,1577475094,66,16.99,-99.26,86.0,6.93
Mataura,50,NZ,1577474980,78,-46.19,168.86,51.01,14.0
Mount Isa,27,AU,1577475094,27,-20.73,139.49,86.0,6.93
Zhigansk,100,RU,1577475094,94,66.77,123.37,-26.52,11.32
Ribeira Grande,40,PT,1577475094,82,38.52,-28.7,62.6,11.41
Bethel,1,US,1577474939,68,60.79,-161.76,-18.4,20.8
Rikitea,98,PF,1577475095,87,-23.12,-134.97,76.96,14.92
Pouebo,6,NC,1577475095,62,-20.4,164.57,79.61,1.05
Roebourne,53,AU,1577475063,30,-20.77,117.15,93.2,8.9
Mar del Plata,100,AR,1577475095,30,-46.43,-67.52,76.26,32.55
Bambous Virieux,40,MU,1577474972,88,-20.34,57.76,79.0,14.99
Arraial do Cabo,20,BR,1577475095,78,-22.97,-42.02,87.8,20.8
Almeirim,0,BR,1577475096,59,-1.53,-52.58,87.57,7.02
Cherskiy,0,RU,1577475011,90,68.75,161.3,-22.76,8.97
Bluff,59,AU,1577474995,70,-23.58,149.07,69.96,14.99
Fort Nelson,20,CA,1577475096,84,58.81,-122.69,3.2,10.29
Chuy,33,UY,1577475096,72,-33.69,-53.46,80.4,12.62
Kapaa,75,US,1577474987,73,22.08,-159.32,77.0,21.92
Lebu,20,ET,1577474979,67,8.96,38.73,57.2,12.75
Kalmunai,57,LK,1577475057,73,7.42,81.82,80.64,13.51
San Patricio,0,PY,1577475016,38,-26.98,-56.83,97.45,5.12
Saskylakh,100,RU,1577475097,96,71.97,114.09,-29.88,6.73
Castro,75,CL,1577475097,77,-42.48,-73.76,60.8,6.93
Provideniya,0,RU,1577475097,80,64.42,-173.23,-12.14,7.54
Norman Wells,90,CA,1577474994,75,65.28,-126.83,-18.4,10.29
Tuktoyaktuk,20,CA,1577475097,73,69.44,-133.03,-32.8,9.17
Butaritari,100,KI,1577475097,77,3.07,172.79,83.79,14.79
Ode,0,NG,1577475098,20,8.45,4.32,81.64,2.95
Jamestown,100,AU,1577475098,28,-33.21,138.6,77.7,4.99
Roald,100,NO,1577475024,64,62.58,6.12,41.0,9.17
Irgakly,100,RU,1577475098,91,44.36,44.74,39.63,3.15
Hermanus,0,ZA,1577475098,74,-34.42,19.24,64.0,8.01
Houston,90,US,1577474999,93,29.76,-95.37,71.01,4.27
Pisco,20,PE,1577474766,30,-13.71,-76.2,73.0,20.8
Choix,100,MX,1577475099,45,26.71,-108.33,67.32,5.1
Khatanga,98,RU,1577475012,97,71.98,102.47,-23.85,7.07
Nuevo Progreso,75,US,1577475099,45,26.05,-97.95,82.4,14.99
Alta Floresta,69,BR,1577475099,83,-9.87,-56.08,83.07,4.63
Sola,100,TZ,1577475100,90,-3.17,33.8,65.97,3.87
Marabba,1,SD,1577475100,15,12.35,32.18,66.76,12.41
Geraldton,75,CA,1577475100,85,49.72,-86.95,23.0,13.87
Komsomolskiy,100,RU,1577475100,98,67.55,63.78,-6.29,9.48
Zafra,0,ES,1577475100,87,38.43,-6.42,57.0,2.24
Albany,90,US,1577475100,75,42.65,-73.75,46.99,12.75
Tselinnoye,97,UA,1577475101,81,45.9,34.18,41.56,6.71
Reitz,16,ZA,1577475101,89,-27.8,28.43,58.8,13.33
Tiksi,100,RU,1577475101,86,71.64,128.87,-29.88,5.97
Saint-Philippe,90,CA,1577475009,93,45.36,-73.48,39.99,6.93
Padang,33,ID,1577475028,95,-0.92,100.36,67.95,4.45
Egvekinot,0,RU,1577475101,87,66.32,-179.17,-15.7,10.67
Zhuhai,0,CN,1577475102,77,40.71,112.04,5.0,8.95
Mana,0,NG,1577475055,15,13.03,5.27,69.62,9.22
Evensk,21,RU,1577475014,59,61.92,159.24,-0.44,14.0
Sitka,93,US,1577474995,46,37.17,-99.65,44.17,12.01
Yellowknife,90,CA,1577474852,77,62.45,-114.38,3.0,14.99
Walvis Bay,0,NA,1577475103,67,-22.95,14.51,62.6,2.24
Busselton,0,AU,1577475103,58,-33.64,115.35,53.01,5.66
Eyl,0,SO,1577475103,77,7.98,49.82,79.11,21.41
Dunedin,85,NZ,1577475056,56,-45.87,170.5,53.01,28.01
Ushuaia,40,AR,1577474979,39,-54.81,-68.31,64.4,17.22
Hithadhoo,78,MV,1577475103,82,-0.6,73.08,81.59,11.65
Tasiilaq,100,GL,1577475103,95,65.61,-37.64,18.72,5.41
Saint-Francois,90,FR,1577475049,93,46.42,3.91,48.0,5.82
Iqaluit,75,CA,1577474927,70,63.75,-68.52,0.0,13.87
Puerto Ayora,40,EC,1577475104,58,-0.74,-90.35,84.2,17.22
Souillac,90,FR,1577475104,93,45.6,-0.6,53.01,3.36
Smithers,75,CA,1577474889,92,54.78,-127.17,21.2,2.24
Cabo San Lucas,75,MX,1577474893,56,22.89,-109.91,73.0,6.93
Vaini,44,IN,1577475105,78,15.34,74.49,69.75,3.27
Vytegra,100,RU,1577475105,89,61.01,36.45,21.52,8.81
Nikolskoye,90,RU,1577474999,83,59.7,30.79,32.0,11.18
Buenaventura,100,CO,1577475105,94,3.89,-77.07,79.12,5.12
Astoria,75,US,1577475105,93,46.19,-123.83,46.0,11.32
Bredasdorp,2,ZA,1577475106,59,-34.53,20.04,62.6,9.17
Gizo,40,IL,1577475106,82,31.8,34.94,55.4,10.29
Kavieng,100,PG,1577475106,82,-2.57,150.8,78.08,10.96
Kisangani,0,CD,1577475106,74,0.52,25.21,74.12,2.17
Polovinnoye,100,RU,1577475106,92,54.79,65.99,8.51,12.59
Mahebourg,40,MU,1577474999,88,-20.41,57.7,79.0,14.99
Kodiak,75,US,1577475107,64,39.95,-94.76,41.0,6.93
Nanortalik,100,GL,1577475107,55,60.14,-45.24,31.8,4.29
Matagami,4,NG,1577475107,23,9.67,8.4,69.35,6.64
Kedrovyy,0,RU,1577475107,67,56.17,91.82,-22.0,2.24
Lavrentiya,0,RU,1577475009,84,65.58,-170.99,-12.71,10.11
Carnduff,0,CA,1577475108,81,49.17,-101.8,23.0,10.0
Punta Arenas,75,CL,1577475108,62,-53.16,-70.91,59.0,20.8
Turukhansk,100,RU,1577475108,96,65.8,87.96,-24.39,8.68
Robertsport,0,LR,1577475108,74,6.75,-11.37,83.21,11.32
Thompson,75,CA,1577474976,85,55.74,-97.86,15.8,6.93
Wonthaggi,98,AU,1577475108,78,-38.6,145.59,66.0,3.58
Mayo,90,CA,1577475109,76,63.59,-135.9,-11.2,3.36
Bereda,0,ES,1577475109,93,43.27,-7.54,42.8,6.93
Kamaishi,15,JP,1577475109,76,39.28,141.86,24.39,7.49
Cidreira,94,BR,1577475009,86,-30.17,-50.22,74.1,22.28
Panguna,100,PG,1577475109,84,-6.32,155.48,72.88,0.65
Constitucion,40,MX,1577475046,30,23.99,-104.67,68.0,20.8
Saint-Joseph,0,FR,1577475109,93,43.56,6.97,50.0,4.7
Dikson,100,RU,1577475109,96,73.51,80.55,-8.82,9.93
Whitecourt,75,CA,1577475110,73,54.14,-115.68,21.2,4.7
Barrow,89,AR,1577474995,27,-38.31,-60.23,94.37,6.82
Mutoko,93,ZW,1577475110,77,-17.4,32.23,70.21,5.46
Tamworth,0,AU,1577475110,77,-31.09,150.93,60.8,5.82
Formosa,85,BR,1577475110,88,-15.55,-47.33,72.95,5.19
Kouroussa,0,GN,1577475110,20,10.65,-9.88,74.03,3.13
Tessalit,0,ML,1577475111,15,20.2,1.01,65.8,11.99
Tambun,20,ID,1577475111,94,-6.26,107.07,78.8,2.24
Veraval,90,FR,1577475111,93,49.65,0.71,46.4,2.06
Biak,100,ID,1577475111,76,-0.91,122.88,82.62,8.34
Riyadh,0,SA,1577475111,42,24.63,46.72,64.4,3.36
Srednekolymsk,92,RU,1577474764,88,67.46,153.71,-30.89,3.0
Puerto Carreno,20,CO,1577475037,52,6.19,-67.49,93.2,9.17
Kuching,75,MY,1577475112,100,1.56,110.34,77.0,2.24
Sibolga,45,ID,1577475112,96,1.74,98.78,70.57,3.22
Tomatlan,0,MX,1577475053,48,19.93,-105.25,83.7,7.43
New Norfolk,100,AU,1577475112,63,-42.78,147.06,60.8,5.82
Santiago del Estero,43,AR,1577475112,27,-27.8,-64.26,103.15,17.31
Codrington,40,AU,1577475112,93,-28.95,153.24,63.0,0.98
Kaitangata,100,NZ,1577475113,69,-46.28,169.85,51.01,14.0
Nelson Bay,0,AU,1577475113,82,-32.72,152.14,68.0,3.36
Bukachacha,43,RU,1577475113,95,52.99,116.91,-23.85,1.48
Tarakan,100,ID,1577475113,87,3.3,117.63,78.19,5.23
Qaanaaq,1,GL,1577475113,56,77.48,-69.36,-5.96,8.3
Necochea,40,AR,1577474983,58,-38.55,-58.74,78.93,19.24
Kabalo,100,CD,1577475114,96,-6.05,26.92,70.25,2.28
Bowen,75,AU,1577475054,100,-20.01,148.25,73.0,8.05
Jiehu,84,CN,1577475114,70,35.54,118.45,31.08,6.11
Port Alfred,58,ZA,1577475114,76,-33.59,26.89,64.99,4.0
Airai,82,TL,1577475114,90,-8.93,125.41,69.01,4.5
Gien,94,FR,1577475115,87,47.69,2.63,46.99,4.63
Port Elizabeth,75,US,1577475115,66,39.31,-74.98,60.01,3.36
Yayva,100,RU,1577475115,60,59.33,57.26,14.0,1.03
Mandera,0,ET,1577475115,17,3.94,41.86,70.0,8.21
Morro Bay,1,US,1577474860,44,35.37,-120.85,57.2,6.93
Tuatapere,62,NZ,1577475014,76,-46.13,167.69,51.01,17.0
Japura,100,ID,1577475116,98,-0.42,102.29,72.82,1.86
Awbari,30,LY,1577475116,33,26.59,12.77,52.65,2.71
Anadyr,40,RU,1577475116,73,64.73,177.51,-32.01,6.71
Aloleng,74,PH,1577475116,88,16.13,119.78,72.5,1.12
Ponta do Sol,37,BR,1577475116,76,-20.63,-46.0,76.55,4.18
East London,20,ZA,1577475117,68,-33.02,27.91,66.2,10.29
Hobart,100,AU,1577475117,63,-42.88,147.33,60.8,5.82
Rawson,99,AR,1577475117,37,-43.3,-65.11,76.59,18.59
Gambela,84,ET,1577475117,36,8.25,34.59,79.95,1.34
Rocha,62,UY,1577474846,35,-34.48,-54.34,96.01,6.49
Ilabaya,100,PE,1577475117,54,-17.42,-70.51,71.37,8.81
Novomalorossiyskaya,100,RU,1577475118,92,45.63,39.89,43.95,9.82
Lorengau,100,PG,1577475058,77,-2.02,147.27,84.07,14.81
Panzhihua,56,CN,1577475118,87,26.59,101.72,43.05,1.34
Hamilton,90,CA,1577474820,87,43.26,-79.87,46.99,13.87
Kachug,100,RU,1577475118,94,53.96,105.89,-19.28,4.07
Harper,90,US,1577475118,82,30.3,-99.24,66.99,9.17
Ballina,90,IE,1577475015,100,54.11,-9.15,53.01,16.11
Huittinen,75,FI,1577475119,85,61.18,22.7,23.0,3.36
College,75,US,1577474857,67,64.86,-147.8,-24.0,2.55
Bubaque,0,GW,1577475057,56,11.28,-15.83,79.25,8.16
Rapar,52,IN,1577475119,35,23.57,70.65,61.86,5.84
Kalaiya,0,NP,1577475119,65,27.03,85.0,49.95,1.59
Baykit,51,RU,1577475028,98,61.68,96.39,-30.35,1.5
Dzilam Gonzalez,0,MX,1577475119,72,21.28,-88.93,75.7,9.53
Snezhnogorsk,31,RU,1577475120,84,69.19,33.23,5.0,2.24
Rutana,100,BI,1577475120,90,-3.93,29.99,63.77,2.93
Ayr,100,AU,1577475120,86,-19.58,147.4,73.99,11.74
Upernavik,0,GL,1577475120,72,72.79,-56.15,-1.25,7.92
Ponta Delgada,40,PT,1577475120,93,37.73,-25.67,64.4,24.16
Oak Ridge,40,US,1577475121,55,36.01,-84.27,62.01,0.69
Pedasi,62,PA,1577475121,77,7.53,-80.03,83.75,9.33
Koumac,6,NC,1577475121,62,-20.56,164.28,79.61,1.05
Nome,90,US,1577474752,83,30.04,-94.42,71.6,5.82
Cervo,40,BR,1577475121,54,-22.19,-46.24,78.8,2.21
Hambantota,4,LK,1577475062,82,6.12,81.12,78.35,20.09
Beringovskiy,73,RU,1577474971,93,63.05,179.32,-15.93,20.87
Sterling,1,US,1577475122,66,39.0,-77.4,60.01,5.82
Severodvinsk,75,RU,1577475122,92,64.56,39.82,21.2,4.47
Pare,97,ID,1577475122,88,-7.77,112.2,75.65,1.77
Salalah,75,OM,1577475122,42,17.01,54.1,80.6,18.34
Zhob,0,PK,1577475122,43,31.34,69.45,40.41,0.89
Ancud,75,CL,1577475023,77,-41.87,-73.83,60.8,6.93
Los Llanos de Aridane,0,ES,1577475123,77,28.66,-17.92,68.0,5.82
Grand-Lahou,0,CI,1577475123,76,5.24,-5.0,83.07,13.35
Belmonte,0,PT,1577475123,23,40.36,-7.35,51.01,3.65
Dwarka,0,IN,1577475123,100,28.58,77.04,55.0,3.24
Ridgecrest,1,US,1577475124,43,35.62,-117.67,50.0,3.36
Usinsk,28,RU,1577475124,98,66.0,57.56,-2.51,7.52
Pochutla,40,MX,1577475124,58,15.74,-96.47,87.8,6.38
Jacareacanga,20,BR,1577475124,63,-6.22,-57.76,91.4,4.7
Songadh,86,IN,1577475124,38,21.71,71.89,61.74,10.27
Georgetown,40,GY,1577475013,79,6.8,-58.16,84.2,9.17
Pevek,100,RU,1577475020,99,69.7,170.27,-20.74,6.87
Antofagasta,75,CL,1577475043,73,-23.65,-70.4,72.0,13.87
Adrar,100,DZ,1577475125,24,27.87,-0.29,66.2,17.22
Bata,20,GQ,1577475125,83,1.87,9.77,84.2,4.7
Freeport,75,BS,1577475125,88,26.54,-78.7,75.2,18.34
Hovd,95,NO,1577475125,68,63.83,10.7,33.01,17.22
Steamboat Springs,90,US,1577475125,44,40.48,-106.83,21.2,4.7
Westport,90,US,1577475125,76,41.14,-73.36,54.0,5.82
Sao Filipe,0,CV,1577474987,68,14.9,-24.5,74.28,7.83
Leh,0,IN,1577475126,10,34.16,77.58,0.75,2.84
Meulaboh,29,ID,1577475126,78,4.14,96.13,80.47,7.78
Atuona,2,PF,1577475126,76,-9.8,-139.03,81.12,19.57
Saravan,75,AM,1577475126,81,39.72,45.65,42.8,6.93
Cape Town,20,ZA,1577474981,59,-33.93,18.42,66.0,23.04
Flic en Flac,40,MU,1577475126,88,-20.27,57.36,79.0,14.99
Pampas,67,PE,1577475127,69,-12.4,-74.87,54.27,5.91
Staryy Nadym,100,RU,1577475016,95,65.61,72.68,4.1,10.71
Manado,40,ID,1577475025,94,1.49,124.85,75.2,2.24
San Jose,1,HN,1577474811,42,14.25,-87.96,82.4,17.22
Napier,1,NZ,1577475128,52,-39.49,176.92,68.0,7.0
High Level,75,CA,1577475128,92,58.52,-117.13,8.6,2.93
Mananjary,100,MG,1577475128,92,-19.16,46.8,60.8,4.34
Svetlaya,0,RU,1577475128,68,46.54,138.33,8.37,7.94
Port Augusta,100,AU,1577475020,36,-32.49,137.76,80.01,7.4
Erenhot,37,CN,1577474981,79,43.65,111.97,16.34,15.39
Bend,1,US,1577475128,64,44.06,-121.32,37.99,4.7
Severo-Kurilsk,99,RU,1577475129,91,50.68,156.12,20.21,5.7
Broome,75,GB,1577475129,93,52.47,1.45,46.0,5.82
Half Moon Bay,1,US,1577475005,62,37.46,-122.43,55.0,12.75
Kruisfontein,78,ZA,1577475129,86,-34.0,24.73,57.56,10.76
Koygorodok,100,RU,1577475129,95,60.44,51.01,14.72,4.56
Sur,0,OM,1577475037,62,22.57,59.53,67.53,1.61
Deputatskiy,4,RU,1577475022,99,69.3,139.9,-37.68,0.83
Varkkallai,20,IN,1577475130,94,8.73,76.71,78.8,3.36
Sakaraha,1,MG,1577475130,67,-22.91,44.53,80.6,4.23
Nouadhibou,0,MR,1577475045,68,20.93,-17.03,68.0,12.75
Ankazobe,20,MG,1577475130,88,-18.32,47.12,66.2,9.17
Del Rio,90,US,1577474859,73,29.36,-100.9,69.8,12.75
Lata,0,IN,1577475031,6,30.78,78.62,18.54,7.31
Bambanglipuro,100,ID,1577475059,84,-7.95,110.28,75.94,1.83
Clyde River,75,CA,1577475036,91,70.47,-68.59,-0.4,11.41
Burgeo,68,CA,1577475131,72,47.61,-57.61,29.97,14.07
Siparia,20,TT,1577475131,66,10.14,-61.51,87.8,9.17
Iracoubo,100,GF,1577475131,84,5.48,-53.21,80.37,15.84
Peniche,0,PT,1577474938,76,39.36,-9.38,60.8,5.82
Beisfjord,88,NO,1577475131,79,68.38,17.6,27.0,17.22
Kirensk,94,RU,1577475132,97,57.78,108.12,-24.41,2.28
Borskoye,100,RU,1577475132,95,53.03,51.7,24.94,4.56
Brae,100,GB,1577475027,93,60.4,-1.35,48.2,36.91
Victoria,75,BN,1577474972,83,5.28,115.24,80.01,2.24
Kasama,100,ZM,1577475132,96,-10.21,31.19,63.75,2.84
Hilo,1,US,1577475133,61,19.71,-155.08,80.6,8.77
Errol,90,GB,1577475133,93,56.39,-3.21,50.0,11.41
Saint-Augustin,90,CA,1577475133,100,45.63,-73.98,39.99,2.24
Lompoc,1,US,1577475133,50,34.64,-120.46,61.0,9.17
Ciudad Bolivar,97,VE,1577474842,55,8.12,-63.55,88.59,7.72
Shahrud,0,IR,1577475133,57,36.42,54.97,38.97,8.52
Cavaillon,0,FR,1577475133,71,43.83,5.04,54.0,14.99
Kamarion,40,GR,1577475134,62,36.8,25.82,52.0,6.93
Leningradskiy,100,RU,1577475134,93,69.38,178.42,-11.74,16.06
Hirara,100,JP,1577475035,74,24.8,125.28,64.89,21.34
Show Low,90,US,1577475134,95,34.25,-110.03,37.4,6.93
Talnakh,100,RU,1577475022,74,69.49,88.39,-27.4,6.71
Aden,97,YE,1577474843,63,12.79,45.03,76.48,2.86
Sulangan,0,PH,1577475134,79,11.14,123.72,80.91,9.86
Teahupoo,75,PF,1577474845,88,-17.83,-149.27,75.2,5.82
Pilar,20,AR,1577475135,59,-34.46,-58.91,93.99,8.05
Tonantins,100,BR,1577475135,93,-2.86,-67.77,82.47,2.17
Narsaq,75,GL,1577475135,53,60.91,-46.05,26.6,1.12
Aykhal,75,RU,1577475135,65,65.95,111.51,-34.6,2.24
Shatki,94,RU,1577475135,94,55.19,44.12,16.66,3.56
Kanniyakumari,0,IN,1577475136,79,8.08,77.57,78.15,21.56
Aklavik,75,CA,1577475136,67,68.22,-135.01,-25.6,5.82
Vila Franca do Campo,75,PT,1577475136,93,37.72,-25.43,64.4,26.4
Bagdarin,89,RU,1577475057,85,54.44,113.59,-17.9,3.09
Dukat,33,AL,1577475136,60,40.25,19.57,48.99,1.99
Lagoa,14,PT,1577474993,63,37.14,-8.45,63.0,4.7
Kysyl-Syr,94,RU,1577475137,97,63.9,122.77,-35.28,2.21
Tyazhinskiy,0,RU,1577475137,96,56.11,88.52,-26.9,3.44
Ziro,0,IN,1577475137,75,27.54,93.82,41.94,3.76
Hellvik,75,NO,1577475137,69,59.92,5.78,39.99,20.8
Saldanha,0,PT,1577475138,71,41.42,-6.55,40.77,3.87
Balikpapan,89,ID,1577475138,97,-1.24,116.86,74.35,2.24
Glenwood Springs,90,US,1577475009,92,39.55,-107.33,30.99,6.93
Gushikawa,75,JP,1577475138,67,26.35,127.87,62.6,6.93
Durban,8,CA,1577475138,82,51.93,-101.44,17.15,12.93
Suoyarvi,100,RU,1577475139,87,62.08,32.35,23.49,13.09
Barra do Garcas,75,BR,1577475139,59,-15.89,-52.26,91.4,6.93
Ahipara,12,NZ,1577475046,81,-35.17,173.16,63.64,10.47
Sault Sainte Marie,90,CA,1577475138,80,46.49,-84.36,35.6,6.93
Haines Junction,12,CA,1577475139,95,60.75,-137.51,10.15,10.94
Along,23,IN,1577475139,92,28.17,94.8,42.31,4.94
Honggang,58,CN,1577475139,66,29.51,114.87,37.96,1.7
Indian Head,0,CA,1577475140,62,50.53,-103.67,25.0,1.99
Henties Bay,18,NA,1577475053,81,-22.12,14.28,61.0,1.01
Labranzagrande,77,CO,1577475140,84,5.56,-72.58,72.72,1.01
Vanavara,0,RU,1577475035,98,60.35,102.28,-31.68,1.9
Boyabat,75,TR,1577475140,70,41.47,34.77,46.4,12.75
Namibe,100,AO,1577475141,78,-15.19,12.15,74.91,4.9
Viransehir,90,TR,1577475141,86,37.24,39.76,45.46,7.02
Payo,100,ID,1577475141,97,-3.75,103.64,66.15,2.62
Izumo,75,JP,1577475141,86,35.37,132.75,41.0,5.82
Lobito,40,AO,1577475141,83,-12.35,13.55,78.8,6.93
Kavaratti,68,IN,1577475055,74,10.57,72.64,82.85,7.72
Zyryanka,100,RU,1577475142,83,65.73,150.89,-23.89,5.17
Pierre,1,US,1577474932,79,44.37,-100.35,28.4,3.36
Oistins,40,BB,1577474901,62,13.07,-59.53,86.0,11.41
Bahia Blanca,64,AR,1577475076,23,-38.72,-62.27,96.67,15.26
Berlevag,100,NO,1577475044,68,70.86,29.09,26.6,10.29
Alofi,40,NU,1577474987,65,-19.06,-169.92,80.6,10.29
Avera,90,US,1577475048,77,33.19,-82.53,69.01,3.36
Avarua,1,CK,1577474975,65,-21.21,-159.78,78.8,6.93
Bilibino,1,RU,1577475020,100,68.06,166.44,-21.69,2.37
Rongcheng,0,CN,1577475143,74,37.16,122.42,42.22,13.06
Pangnirtung,90,CA,1577475056,84,66.15,-65.72,1.4,6.93
Solwezi,100,ZM,1577475143,98,-12.18,26.4,64.22,6.22
Sioux Lookout,20,CA,1577475040,73,50.1,-91.92,26.6,10.29
Ostrovnoy,100,RU,1577475143,93,68.05,39.51,17.44,7.09
Fort Collins,75,US,1577475092,86,40.55,-105.07,34.0,5.82
Polson,90,US,1577475144,79,47.69,-114.16,30.0,5.82
Arusha,40,TZ,1577475033,94,-3.37,36.69,78.8,3.44
Noumea,90,NC,1577474981,94,-22.28,166.46,79.0,4.7
Plettenberg Bay,35,ZA,1577475144,83,-34.05,23.37,60.06,12.3
Petushki,100,RU,1577475144,75,55.93,39.46,25.7,4.99
Port Lincoln,100,AU,1577474762,51,-34.72,135.86,70.88,2.26
Surt,95,LY,1577475144,72,31.21,16.59,60.46,14.7
Amapa,40,HN,1577475145,51,15.09,-87.97,84.2,6.93
Port Hardy,90,CA,1577475026,100,50.7,-127.42,37.4,3.36
Menomonie,90,US,1577475145,79,44.88,-91.92,33.01,11.41
Evanston,75,US,1577474869,69,42.04,-87.69,37.99,8.05
Torbay,75,CA,1577474990,79,47.66,-52.73,27.0,12.75
Chiang Kham,20,TH,1577475145,94,19.53,100.3,68.0,1.12
Caravelas,43,BR,1577475021,76,-17.73,-39.27,77.77,8.12
Bitung,40,ID,1577475145,94,1.44,125.19,75.2,2.24
Podor,0,MR,1577475146,24,16.65,-14.96,91.4,7.31
Pyapon,0,MM,1577475146,71,16.29,95.68,67.46,6.11
Chicama,84,PE,1577475146,73,-7.84,-79.15,75.2,10.29
Arman,100,RU,1577475146,65,59.7,150.17,15.28,21.85
Tsiroanomandidy,100,MG,1577475146,88,-18.77,46.05,71.64,2.62
Iquique,100,CL,1577474939,60,-20.22,-70.14,73.4,8.05
Umm Kaddadah,0,SD,1577475147,18,13.6,26.69,61.36,12.77
Mount Gambier,100,AU,1577475147,72,-37.83,140.78,59.0,2.24
Hokitika,19,NZ,1577475147,65,-42.72,170.96,56.7,19.66
Flinders,0,AU,1577475147,100,-34.58,150.85,66.99,11.03
Ishigaki,100,JP,1577475037,78,24.34,124.16,65.57,21.61
Peterhead,100,AU,1577475147,44,-34.83,138.5,79.0,9.17
Parkes,0,AU,1577475148,31,-33.14,148.18,80.01,7.0
Vozhega,100,RU,1577475148,91,60.47,40.21,20.37,9.37
Arroyos y Esteros,75,PY,1577475148,55,-25.05,-57.1,89.6,12.75
Isangel,68,VU,1577474997,86,-19.55,169.27,77.94,16.24
Greensburg,75,US,1577475148,73,30.83,-90.67,73.0,5.82
Ilulissat,20,GL,1577475149,59,69.22,-51.1,1.4,1.12
Bandarbeyla,31,SO,1577475023,76,9.49,50.81,78.8,21.81
Saint-Pierre,90,FR,1577475149,93,48.95,4.24,46.4,4.7
Okhotsk,100,RU,1577475012,94,59.36,143.24,3.27,21.09
Luderitz,0,NA,1577475032,46,-26.65,15.16,69.8,17.22
Merville,90,FR,1577475150,87,43.72,1.3,51.01,3.36
Chokurdakh,90,RU,1577475150,95,70.62,147.9,-25.82,6.78
Jiangyou,21,CN,1577475150,71,31.78,104.73,29.55,1.41
Vitoria,100,BR,1577475150,83,-8.36,-72.77,82.27,1.95
Northam,0,AU,1577475151,82,-31.65,116.67,59.0,4.7
Guiratinga,14,BR,1577475151,59,-16.35,-53.76,87.6,4.25
Maldonado,20,UY,1577475151,58,-34.91,-54.96,82.4,16.11
Sao Sebastiao,75,BR,1577474969,79,-3.15,-58.36,86.0,4.7
Machilipatnam,42,IN,1577475151,88,16.18,81.14,73.4,0.74
Saint-Louis,0,SN,1577475151,83,16.03,-16.5,73.4,6.93
Panjab,0,AF,1577475151,17,34.38,67.02,9.5,2.06
Esperance,0,AU,1577474771,93,-33.86,121.89,59.0,5.82
Shache,24,CN,1577475152,72,38.42,77.24,17.01,2.8
Lhokseumawe,33,ID,1577475152,89,5.18,97.15,69.8,1.83
Rybachiy,99,RU,1577475152,85,48.71,44.74,26.01,4.47
Ambon,40,FR,1577475048,93,47.55,-2.56,54.0,3.36
Paraiso,40,BR,1577475152,100,-0.03,-51.17,75.2,13.87
Vanimo,100,PG,1577475153,79,-2.67,141.3,81.64,16.06
Kyabe,7,TD,1577475153,17,9.45,18.94,72.93,4.59
Olga,1,US,1577475153,38,34.11,-118.17,61.0,4.16
Hamina,90,FI,1577475153,85,60.57,27.2,24.8,8.05
Costinesti,75,RO,1577475153,93,43.95,28.63,39.2,11.41
Nueve de Julio,91,AR,1577475153,16,-31.67,-68.39,100.4,5.5
Quatre Cocos,40,MU,1577475029,88,-20.21,57.76,79.0,14.99
Bobrov,99,RU,1577475154,82,51.1,40.03,32.63,2.98
Pathein,0,MM,1577475154,75,16.78,94.73,67.32,1.99
Poum,40,MK,1577475154,63,41.28,20.71,30.2,5.82
Cayenne,75,GF,1577474902,83,4.94,-52.33,82.4,11.41
Young,67,UY,1577475154,50,-32.7,-57.63,96.01,1.99
Fitchburg,90,US,1577475155,75,42.58,-71.8,51.8,9.17
Boa Vista,40,BR,1577475155,52,2.82,-60.67,91.4,9.17
Homestead,75,US,1577475155,74,25.47,-80.48,82.0,10.29
Lokosovo,97,RU,1577475155,83,61.13,74.84,-3.6,9.75
Barguzin,100,RU,1577475155,99,53.62,109.63,-6.54,2.17
Bani Walid,16,LY,1577475001,80,31.76,14.0,53.47,12.24
Fukue,20,JP,1577475155,48,35.03,136.69,42.8,19.46
Byron Bay,40,AU,1577475156,81,-28.65,153.62,71.01,2.24
Rani,0,IN,1577475156,24,25.35,73.31,51.46,7.0
Vila Velha,43,BR,1577475156,58,-3.71,-38.6,86.0,17.22
Sanmenxia,0,CN,1577475156,24,34.77,111.19,32.97,1.72
Ariquemes,82,BR,1577475157,62,-9.91,-63.03,90.16,2.8
Lindas,75,NO,1577475157,69,60.74,5.16,39.99,20.8
Portland,90,US,1577474587,86,43.66,-70.25,42.01,8.05
The Valley,75,AI,1577475157,78,18.22,-63.06,82.4,4.7
Chongwe,89,ZM,1577475157,51,-15.33,28.68,82.4,1.12
Miraflores,20,PE,1577475157,40,-16.39,-71.52,71.6,12.75
Khulo,75,GE,1577475157,81,41.64,42.31,50.0,21.92
Carnarvon,0,ZA,1577475158,42,-30.97,22.13,57.04,23.26
Mecca,0,SA,1577475118,55,21.43,39.83,65.62,4.59
Kattivakkam,40,IN,1577475030,88,13.22,80.32,79.0,8.39
Gillette,1,US,1577475114,48,44.29,-105.5,37.0,13.87
Grindavik,75,IS,1577475158,100,63.84,-22.43,41.0,12.75
Petropavlovsk-Kamchatskiy,75,RU,1577475043,89,53.05,158.65,32.0,15.66
Trogir,40,HR,1577475159,57,43.52,16.25,48.2,10.29
Portobelo,75,PA,1577475159,62,9.55,-79.65,90.0,10.29
Sehithwa,28,BW,1577475052,31,-20.47,22.7,87.15,8.21
Dudinka,100,RU,1577475052,74,69.41,86.18,-27.4,6.71
Svetlogorsk,90,RU,1577475159,78,53.14,59.15,10.4,13.42
Shaowu,18,CN,1577475159,75,27.34,117.49,39.36,2.13
Olinda,56,AU,1577475160,22,-37.84,145.39,80.6,14.99
Dingle,10,PH,1577474987,90,11.0,122.67,73.13,6.38
Broken Hill,95,AU,1577475160,20,-31.97,141.45,86.0,11.41
Ternate,20,PH,1577475160,74,14.29,120.72,82.4,9.48
Kajaani,20,FI,1577475160,84,64.22,27.73,1.4,1.12
Saint George,75,GR,1577475160,69,39.45,22.34,46.99,0.65
Ibra,0,OM,1577475161,60,22.69,58.55,65.52,3.98
Greenville,1,US,1577474906,51,34.85,-82.4,66.0,1.36
Santa Barbara,1,US,1577475117,50,34.42,-119.7,61.0,9.17
Arona,0,IT,1577475161,75,45.76,8.56,43.0,3.36
Batemans Bay,0,AU,1577475161,88,-35.71,150.18,68.0,1.01
Naze,48,NG,1577475024,73,5.43,7.07,77.0,5.79
Guardiagrele,33,IT,1577475162,81,42.2,14.22,46.0,3.36
Betong,1,MY,1577475162,95,5.77,101.07,63.75,3.29
Altay,0,CN,1577475162,62,47.83,88.13,1.04,6.85
Chippewa Falls,90,US,1577474701,68,44.94,-91.39,32.0,11.41
Starkville,75,US,1577475085,77,33.45,-88.82,66.99,4.7
Belaya Gora,100,RU,1577475057,94,68.54,146.19,-32.84,4.09
Hatillo,40,PR,1577475162,77,18.49,-66.83,86.0,11.41
Dubbo,0,AU,1577475163,52,-32.25,148.6,69.8,8.05
Yulara,0,AU,1577474998,16,-25.24,130.99,86.0,6.93
Longyearbyen,75,NO,1577475015,62,78.22,15.63,19.4,4.7
Marawi,2,PH,1577475163,93,8.0,124.29,73.0,5.01
Skibbereen,75,IE,1577475164,93,51.55,-9.27,50.0,14.99
Boralday,75,KZ,1577475164,73,43.36,76.86,24.8,4.47
Cabaiguan,75,CU,1577475164,58,22.08,-79.5,84.2,10.29
Kindersley,5,CA,1577475164,85,51.47,-109.16,17.01,11.41
Luwuk,100,ID,1577475164,76,-0.95,122.79,82.62,8.34
Katsuura,20,JP,1577475003,86,33.93,134.5,37.4,11.41
Hasaki,20,JP,1577475165,86,35.73,140.83,34.0,4.7
Kargalinskaya,100,RU,1577475165,93,43.74,46.48,42.94,2.53
Birjand,0,IR,1577475165,32,32.86,59.22,39.2,6.93
Timra,0,SE,1577475165,92,62.49,17.33,18.0,8.05
Westlock,1,CA,1577475165,58,54.15,-113.85,28.99,9.17
Seda,75,LT,1577475166,82,56.17,22.09,32.0,11.41
Mogadishu,0,SO,1577475065,78,2.04,45.34,79.9,23.0
Jalu,27,LY,1577475166,57,29.03,21.55,56.55,2.68
Yumen,24,CN,1577475166,69,40.29,97.04,12.07,14.27
Khasan,100,RU,1577475166,70,42.43,130.64,11.35,2.17
Bure,0,NG,1577475167,20,10.52,10.33,69.3,6.82
Galiakot,33,IN,1577475167,30,23.54,74.01,51.01,8.34
Puerto Leguizamo,84,CO,1577475167,57,-0.19,-74.78,89.51,2.48
Lishui,0,CN,1577475167,90,28.45,119.91,35.31,2.48
Nemesvamos,75,HU,1577475167,74,47.06,17.87,37.4,16.11
Alice Springs,10,AU,1577474760,24,-23.7,133.88,82.4,6.93
Cordoba,89,AR,1577475167,22,-27.78,-67.24,97.61,11.65
Sistranda,100,NO,1577475168,79,63.73,8.83,33.01,23.04
Mayor Pablo Lagerenza,14,PY,1577475168,37,-19.93,-60.77,97.34,13.24
Oktyabrskoye,0,RU,1577475168,73,56.73,85.44,-20.0,2.24
Winsum,90,NL,1577475043,80,53.33,6.52,37.4,6.93
Gavle,92,SE,1577475168,79,60.67,17.14,26.01,3.0
Nongpoh,75,IN,1577475169,93,25.9,91.88,59.0,3.94
Chapais,90,CA,1577475169,97,49.78,-74.86,32.0,11.41
Litovko,49,RU,1577475169,98,49.24,135.18,-20.27,2.42
Laguna,40,BZ,1577475169,69,16.17,-88.94,80.6,6.93
Otradnoye,90,RU,1577475169,83,59.77,30.8,32.0,11.18
Rognan,75,NO,1577475169,68,67.1,15.4,27.0,26.4
Gevrai,80,IN,1577475169,59,19.27,75.75,61.29,9.57
Booue,6,GA,1577475170,94,-0.09,11.94,72.45,1.92
Maralal,0,KE,1577475170,78,1.1,36.7,65.21,7.45
Matara,100,BI,1577475015,89,-3.48,29.48,58.77,1.74
Mlyniv,100,UA,1577475170,82,50.51,25.61,33.01,1.99
Stromness,40,CA,1577475170,81,42.87,-79.55,50.0,16.11
Richards Bay,100,ZA,1577475170,68,-28.77,32.06,73.38,27.0
Kiama,0,AU,1577475171,100,-34.67,150.86,66.99,11.03
Raudeberg,75,NO,1577475171,66,61.99,5.14,42.8,29.97
Cockburn Town,75,TC,1577475171,69,21.46,-71.14,80.6,12.75
Nantucket,20,US,1577475171,81,41.28,-70.1,50.0,11.41
Fare,100,PF,1577475171,77,-16.7,-151.02,80.19,19.06
Fort-Shevchenko,6,KZ,1577474986,91,44.51,50.26,35.4,7.56
Shymkent,33,KZ,1577475172,49,42.31,69.59,46.4,6.71
Tokmak,87,UA,1577475172,92,47.26,35.7,38.41,4.81
Guerrero Negro,0,MX,1577475172,51,27.97,-114.04,63.21,15.77
Ndjole,41,GA,1577475172,97,-0.18,10.76,73.4,2.8
Berdigestyakh,36,RU,1577475172,97,62.1,126.7,-39.05,2.39
Umea,0,SE,1577475172,92,63.83,20.26,12.0,3.36
Ligayan,100,PH,1577475173,81,4.65,119.47,81.9,12.75
Alto Araguaia,83,BR,1577475173,78,-17.32,-53.22,79.41,5.32
Ritchie,69,ZA,1577475173,26,-29.03,24.6,78.8,2.24
Vestmannaeyjar,20,IS,1577474984,87,63.44,-20.27,44.6,19.46
Pokrovskoye,100,RU,1577475173,90,47.41,38.9,42.35,3.44
Shenjiamen,0,CN,1577475173,61,29.96,122.3,49.48,5.3
Aldan,85,RU,1577475174,99,58.61,125.39,-24.56,2.13
Buchanan,20,LR,1577475174,79,5.88,-10.05,84.2,5.35
Beloha,0,MG,1577475026,63,-25.17,45.06,80.76,2.66
Santa Cruz,0,BR,1577475174,59,-6.22,-36.02,79.05,12.41
Chifeng,0,CN,1577475174,84,42.27,118.96,9.05,2.82
Havoysund,75,NO,1577475174,74,71.0,24.66,30.2,20.8
Raymond,40,CA,1577475174,43,49.47,-112.67,34.0,31.09
Santa Rosalia,40,IT,1577475175,71,38.07,13.27,61.0,2.24
Okha,100,RU,1577475175,95,53.59,142.95,-3.66,23.76
Tura,99,RU,1577475175,93,64.27,100.22,-20.65,3.65
Southampton,75,GB,1577474996,93,50.9,-1.4,48.0,1.12
Hami,33,CN,1577475048,65,42.84,93.51,17.02,2.21
Lasa,20,CY,1577475020,76,34.92,32.53,53.6,4.7
Hede,0,SE,1577475175,85,60.45,15.49,25.0,5.82
Fortuna,20,US,1577474997,87,40.6,-124.16,51.01,3.36
Aswan,0,EG,1577475030,48,24.09,32.9,54.61,9.95
Camocim,41,BR,1577475176,66,-2.9,-40.84,82.67,12.15
Slobidka,75,UA,1577475176,93,48.42,26.77,37.99,13.42
Tashigang,0,CN,1577475176,33,29.3,88.13,-0.15,6.35
Sinnamary,100,GF,1577475025,84,5.38,-52.96,80.37,15.84
Tezu,76,IN,1577475176,85,27.93,96.16,50.97,3.42
Faanui,100,PF,1577475176,79,-16.48,-151.75,79.56,19.57
Durango,40,MX,1577475121,30,24.02,-104.67,68.0,20.8
Yablonovo,90,RU,1577475177,100,50.85,37.36,33.8,2.24
Vardo,1,US,1577475177,62,39.62,-77.74,61.0,3.36
La Libertad,20,PE,1577475177,40,-16.38,-71.56,71.6,12.75
Oranjemund,0,ZA,1577475031,75,-28.55,16.43,61.34,14.99
Kidal,0,ML,1577475010,16,18.44,1.41,65.17,10.29
Zhanaozen,8,KZ,1577475178,94,43.35,52.85,35.85,6.64
Seoul,20,KR,1577474735,85,37.57,126.98,24.8,1.12
Nalut,0,LY,1577475178,51,31.86,10.98,51.22,1.54
Bloomfield,1,US,1577475178,49,40.75,-92.42,41.0,4.7
Monsenhor Gil,40,BR,1577475178,30,-5.56,-42.61,98.6,6.93
Gilgit,0,PK,1577475178,11,35.92,74.31,1.54,1.41
Wanning,75,AT,1577475178,80,48.64,13.53,37.0,4.7
Puerto Narino,40,CO,1577475019,74,-3.77,-70.38,87.8,3.36
Maxixe,40,MZ,1577475179,79,-23.86,35.35,84.2,16.4
Sayyan,49,YE,1577475058,49,15.17,44.32,50.43,1.74
Omboue,99,GA,1577475179,93,-1.57,9.26,75.96,1.54
Arzachena,14,IT,1577475179,87,41.08,9.39,50.0,3.36
Arlit,2,NE,1577475179,16,18.74,7.39,68.25,13.22
Bilma,0,NE,1577475049,21,18.69,12.92,60.84,6.2
San Carlos de Bariloche,40,AR,1577474936,45,-41.13,-71.31,68.0,27.51
Goderich,96,CA,1577475180,86,43.74,-81.71,37.99,12.03
Port Blair,0,IN,1577475180,74,11.67,92.75,78.75,6.93
Klaksvik,93,FO,1577475180,87,62.23,-6.59,46.4,13.87
Opunake,14,NZ,1577475180,62,-39.45,173.86,60.01,11.01
Mae Sai,20,MM,1577475050,94,20.44,99.89,68.0,1.12
Puerto Palomas,90,US,1577475181,65,31.78,-107.63,46.4,12.75
Celestun,38,MX,1577475181,69,20.87,-90.4,76.1,9.19
Plainview,90,US,1577475181,93,34.18,-101.71,46.4,17.22
Tsuruga,99,JP,1577475181,84,35.64,136.07,39.99,3.87
Kahului,40,US,1577474897,78,20.89,-156.47,78.8,10.29
Marilia,75,BR,1577475181,40,-8.64,-48.82,102.2,5.82
Santa Cruz Cabralia,40,BR,1577475114,65,-16.28,-39.02,82.4,8.05
Papara,97,BR,1577475182,58,-3.98,-38.73,86.0,17.22
Macklin,67,CA,1577475182,82,52.34,-109.94,19.15,7.56
Te Anau,22,NZ,1577475182,66,-45.41,167.72,47.46,9.4
Falmouth,90,GB,1577475182,100,50.16,-5.07,55.99,9.17
Hilton Head Island,90,US,1577475063,64,32.16,-80.75,77.0,4.7
Kanker,0,IN,1577475183,42,20.27,81.49,50.16,3.56
Qaqortoq,75,GL,1577475183,53,60.72,-46.03,26.6,1.12
Inhambane,40,MZ,1577475183,79,-23.87,35.38,84.2,16.4
Xingcheng,0,CN,1577475183,77,40.62,120.71,19.54,5.59
Yuanping,0,CN,1577475183,42,38.72,112.71,22.19,3.89
Moron,38,HT,1577475184,78,18.56,-74.26,80.37,13.65
Barstow,1,US,1577475184,59,31.46,-103.39,66.0,13.87
Myitkyina,100,MM,1577475032,99,25.38,97.4,57.6,0.72
Timbuktu,0,ML,1577475184,11,16.77,-3.01,70.47,10.16
Axim,0,GH,1577475029,75,4.87,-2.24,79.34,3.58
Semey,0,KZ,1577475185,92,50.41,80.25,-0.92,5.86
Husavik,0,CA,1577475185,53,50.56,-96.99,32.0,8.99
Rome,34,IT,1577474938,81,41.89,12.48,50.0,5.82
Sylvan Lake,75,CA,1577475015,72,52.31,-114.09,30.99,2.24
Sturgis,0,CA,1577475185,88,51.94,-102.54,14.83,7.74
Comodoro Rivadavia,40,AR,1577475185,20,-45.87,-67.48,87.8,27.51
Cabra,6,ES,1577475186,76,37.47,-4.43,55.99,3.36
Kanchanaburi,67,TH,1577475186,80,14.03,99.53,73.81,1.05
Little Current,90,CA,1577475186,80,45.98,-81.93,35.6,12.75
Barra do Bugres,25,BR,1577475186,59,-15.07,-57.19,89.02,2.44
